Red drone's params
initial_x -> 1 2 3 4 5 6 7 8 9 10 11 12 13 14 15 16 17 18 19 20
initial_y -> 1 2 3 4 5 6 7 8 9 10 11 12 13 14 15 16 17 18 19 20
speed_x   -> 1 2 3 4 5 6 7 8 10 12 14 15 20
             factor of 840 (window 2) - not 9, 11, 13, 16, 17, 18, 19
speed_y   -> 1 2 3 4 5 6 7 8 9 10 11 12 13 14 15 16 17 18 19 20

Blue drone's params
initial_x -> 1 2 3 4 5 6 7 8 9 10 11 12 13 14 15 16 17 18 19 20
initial_y -> 1 2 3 4 5 6 7 8 9 10 11 12 13 14 15 16 17 18 19 20
speed_x   -> 1 2 4 5 7 8 10 11 12 13 14 15 16 17 18 19 20
             not 3, 6, or 9 (window 3)
speed_y   -> 2 4 6 7 8 9 10 11 12 13 14 15 16 17 18 19 20
             not 1, 3, 5 (window 5)

Orange drone's params
initial_x -> 1 2 3 4 5 6 7 8 9 10 11 12 13 14 15 16 17 18 19 20
initial_y -> 1 2 3 4 5 6 7 8 9 10 11 12 13 14 15 16 17 18 19 20
speed_x   -> 1 2 3 4 5 6 7 8 9 10 11 12 13 14 15 16 17 18 19 20
speed_y   -> 1 2 3 4 5 6 7 8 9 10 11 12 13 14 15 16 17 18 19 20
